12
28
394
-312
173
-70
161
325
-196
-60
-399
-80
273
15
-97
-216
-320
418
205
162
-269
-153
48
-143
-343
-9
126
58
236
13
374
388
183
-379
-424
-144
51
-410
-318
-293
30
-217
127
36
-120
-117
440
413
-199
145
75
32
-156
-25
-259
353
-182
-281
-88
-446
-478
-214
442
206
-93
-129
-86
-190
-39
448
17
-157
83
-3
499
464
380
439
-271
33
26
304
-83
-219
131
159
-366
449
-270
398
-497
-247
37
-203
-189
444
168
-423
107
-371
-474
-376
-27
461
473
324
425
15
264
6
238
-448
-190
-344
185
-207
-333
-328
-258
-103
-430
-255
-498
27
395
165
404
63
243
11
193
-379
487
18
-418
461
-158
-140
-334
-42
366
405
363
29
-87
48
322
80
220
-435
477
11
162
-168
250
57
497
154
-27
-408
17
18
-287
15
-464
-204
318
230
-492
484
41
374
-259
-96
-97
-494
452
-274
86
13
143
416
316
-195
100
66
-285
97
73
188
190
-410
-294
0
