20
5 82
2 4
2 3
3 4
2 1
4 2
1 2
1 2
4 2
4 2
3 2
4 5
2 5
4 2
1 2
4 3
4 2
5 3
5 1
2 3
5 4
1 5
5 4
3 4
2 5
1 5
5 2
5 4
3 5
4 1
1 3
2 5
3 4
4 2
2 4
3 2
5 2
5 1
2 1
1 3
4 2
5 3
4 3
2 3
1 4
3 5
1 4
2 4
2 1
5 3
4 2
2 3
5 4
5 4
2 4
3 5
3 4
4 3
2 3
4 2
1 5
2 3
4 1
4 2
3 5
4 3
5 3
3 1
5 2
3 2
2 1
4 5
5 4
2 1
2 5
4 5
5 3
1 4
4 1
4 3
1 2
5 4
4 2
13 50
8 9
12 2
7 12
3 8
13 10
3 8
6 5
4 11
3 6
9 12
1 2
6 5
10 11
10 1
11 3
9 3
12 2
4 1
9 3
12 13
12 4
5 4
9 3
6 3
13 6
5 3
11 1
11 7
2 10
11 12
5 1
10 6
4 12
1 8
13 1
8 5
7 11
3 9
6 5
10 11
10 1
11 7
2 8
3 5
4 2
3 11
2 1
3 7
1 6
3 13
5 16
2 3
1 5
1 2
4 3
2 5
1 3
5 3
5 2
1 2
2 4
1 2
1 3
1 3
5 3
4 3
2 1
21 78
10 4
9 4
13 7
15 5
1 19
8 5
16 12
2 3
17 3
14 21
2 18
8 7
17 14
21 5
2 13
5 14
19 17
18 19
17 13
3 1
5 18
12 7
18 5
7 10
2 8
7 9
12 2
4 2
6 4
3 18
6 14
13 2
8 16
20 10
16 3
6 4
7 21
6 11
10 7
16 13
6 15
15 10
16 20
11 16
15 16
8 4
15 13
12 10
11 19
2 12
2 6
16 1
9 6
10 16
21 2
5 4
17 19
11 9
16 21
4 9
13 9
10 5
1 21
14 9
17 15
18 13
18 6
16 7
19 13
8 21
16 1
17 5
10 11
2 11
17 15
19 5
19 17
3 9
8 9
8 7
3 4
1 8
4 7
2 6
4 2
3 2
4 8
6 3
13 48
3 12
10 12
11 7
6 5
9 2
3 7
8 9
8 12
10 11
2 1
7 9
10 2
7 12
2 3
4 1
2 8
1 9
13 7
1 4
4 6
10 12
3 6
12 3
13 1
12 8
11 13
4 9
3 6
1 3
9 5
11 4
4 5
6 7
8 10
1 7
8 4
12 6
4 7
5 2
3 4
3 6
1 5
13 1
10 11
11 1
8 3
5 12
9 13
19 71
2 1
19 11
12 15
14 12
4 17
6 4
18 13
19 9
15 14
5 18
8 19
2 8
12 4
10 2
18 8
2 14
18 11
9 12
3 9
10 6
12 5
4 2
5 9
17 19
3 18
14 11
14 15
15 4
15 2
2 10
9 1
4 7
11 9
16 10
17 6
15 7
7 16
8 11
5 7
5 1
2 12
11 13
7 14
9 6
13 15
14 13
19 18
1 5
14 7
3 16
19 9
3 15
16 11
16 18
17 1
15 12
6 9
16 17
14 2
7 9
12 19
5 10
16 10
1 3
9 16
2 14
16 13
7 10
2 1
7 16
16 19
15 99
5 6
14 2
1 6
10 13
15 2
7 11
7 14
12 8
6 12
8 1
9 11
10 15
10 9
1 10
3 12
7 8
5 8
13 14
12 5
13 11
1 11
9 12
3 6
15 2
13 9
2 8
10 2
3 2
4 5
14 3
12 3
2 1
9 13
5 13
2 15
5 12
15 1
6 5
1 7
2 1
9 10
2 3
12 3
14 8
8 11
3 9
11 13
15 14
6 12
2 5
12 7
1 4
5 9
11 5
10 12
6 4
15 1
9 7
8 1
9 10
9 12
12 13
3 4
11 9
15 4
5 11
10 6
7 6
9 11
15 6
2 4
5 2
12 4
1 13
12 11
13 15
14 11
3 2
13 11
1 2
7 4
3 12
2 9
10 12
9 15
5 12
12 13
1 15
13 5
3 15
9 3
14 11
12 7
9 7
8 2
5 11
11 9
4 12
3 13
22 100
11 20
18 11
8 19
5 20
17 20
17 15
13 19
6 21
16 3
2 18
2 15
17 22
1 4
14 4
10 19
5 20
14 22
6 21
16 8
17 10
5 11
3 16
5 6
14 20
6 14
14 7
6 8
6 12
18 7
19 14
11 14
6 11
19 2
4 18
12 8
4 14
21 8
17 13
4 22
4 17
6 7
2 9
12 11
2 16
7 16
4 20
19 14
14 18
16 17
14 5
1 15
16 19
21 8
9 22
7 10
16 10
16 15
16 5
2 18
18 8
9 22
4 3
11 17
20 4
10 9
6 10
22 19
6 20
4 13
19 8
22 10
15 16
22 7
18 1
2 14
9 8
13 12
8 21
4 5
1 13
12 6
22 11
1 4
6 4
14 2
10 13
9 2
4 8
8 22
7 11
13 12
21 2
19 3
22 19
16 9
1 13
19 1
14 2
2 5
1 11
8 91
1 3
8 4
4 2
7 6
6 4
8 7
7 1
2 4
3 1
8 1
3 8
7 5
3 5
5 2
7 5
5 6
1 8
8 7
6 5
2 5
4 8
5 3
8 5
2 8
7 1
7 5
7 3
8 3
7 1
1 4
5 7
4 5
6 2
2 3
6 5
3 1
5 2
5 7
1 4
7 8
6 1
7 8
8 1
3 4
7 6
8 4
7 1
5 1
7 2
3 1
2 8
2 7
6 2
2 4
1 8
1 8
7 1
2 7
7 2
2 5
2 6
6 8
7 8
8 1
7 1
7 4
3 8
8 3
8 3
7 8
3 5
8 4
7 6
3 8
7 1
5 4
1 3
4 8
3 2
1 6
3 8
5 8
4 7
6 4
1 3
3 5
1 7
8 7
5 8
3 1
8 6
8 40
8 5
8 1
2 8
6 7
2 4
5 7
7 1
7 6
6 3
5 8
3 5
5 6
4 5
3 5
4 2
1 3
3 4
7 8
5 8
3 4
6 8
1 4
8 3
8 5
1 3
1 3
5 6
8 7
8 2
1 4
8 7
3 4
4 3
6 7
8 5
7 8
1 6
3 8
2 3
3 2
21 51
6 17
9 7
15 20
6 17
20 16
21 20
3 21
21 14
15 14
16 21
4 11
7 6
20 19
5 8
5 19
20 11
12 5
15 5
2 18
1 21
12 19
19 15
18 16
5 11
9 20
8 12
8 14
17 6
11 19
11 16
14 9
3 4
12 15
7 13
11 5
12 2
2 8
14 19
2 18
6 8
16 13
17 21
3 10
3 12
7 13
4 18
20 4
20 8
18 5
20 7
9 8
9 37
3 1
5 6
6 8
7 2
6 3
4 8
4 2
1 5
2 5
2 4
5 6
8 4
2 1
6 2
3 5
6 3
4 1
8 9
6 4
8 2
4 1
1 7
2 8
9 1
4 9
3 8
3 1
1 5
9 4
6 2
8 3
2 1
8 9
7 9
7 6
3 5
6 7
12 38
11 8
1 6
3 8
12 11
4 9
9 3
6 8
11 3
7 2
4 6
12 11
9 2
10 9
6 7
11 1
7 11
1 6
12 4
4 1
12 10
10 11
12 8
6 10
1 11
1 11
11 2
1 12
7 10
11 2
1 3
6 3
9 1
6 1
1 7
2 3
7 10
12 11
1 3
23 75
3 23
15 2
21 18
10 23
22 5
12 13
21 10
16 1
10 3
19 3
21 11
14 3
3 19
10 1
12 19
7 14
13 15
10 9
19 9
1 17
14 13
8 23
23 8
9 2
21 12
16 8
19 4
14 22
22 2
18 5
10 7
13 19
10 16
8 18
16 18
3 6
2 19
22 3
5 23
23 10
9 1
5 21
5 13
20 3
8 1
11 8
13 6
17 5
7 5
21 1
1 20
2 20
12 5
18 5
21 4
13 16
2 11
20 8
1 16
16 2
10 3
9 22
3 19
21 9
17 18
4 18
8 22
14 19
3 2
23 18
5 6
10 23
10 23
8 10
9 17
8 99
5 8
1 6
1 5
3 4
5 2
4 7
2 6
4 2
1 4
3 4
2 3
6 1
3 1
3 2
3 8
2 3
5 2
8 7
5 4
8 3
2 5
6 3
5 2
5 7
5 6
2 3
2 4
3 5
6 5
4 7
7 8
8 6
7 5
2 6
4 7
1 5
2 5
4 6
2 5
8 4
6 3
6 2
8 2
5 6
1 5
6 3
2 7
8 5
2 7
5 3
7 2
4 5
2 5
1 6
3 6
8 3
8 4
8 5
5 2
6 4
2 3
5 8
7 6
8 3
1 4
4 6
4 6
2 6
3 1
8 2
4 8
1 4
4 6
5 2
1 6
4 5
5 2
4 3
2 6
3 5
1 8
1 4
5 2
1 8
2 1
1 5
8 2
8 3
7 5
4 7
2 7
3 7
1 6
1 2
3 6
3 6
6 7
7 6
8 7
7 65
5 4
2 6
4 2
1 6
2 7
7 3
3 1
6 4
5 6
6 2
3 1
3 4
2 4
6 3
2 4
5 3
6 2
6 7
7 6
3 1
4 7
4 6
5 7
2 3
3 5
2 6
6 4
7 5
6 5
6 7
7 1
3 5
7 6
2 6
5 3
7 6
2 1
2 7
5 3
7 6
6 4
4 3
1 6
6 5
2 5
4 3
5 6
2 4
6 1
6 1
5 4
7 3
5 4
7 5
3 5
3 2
6 4
2 6
1 7
2 3
2 5
2 1
5 7
6 3
4 7
12 17
3 6
6 10
2 6
2 4
3 1
8 3
4 6
12 8
8 9
11 3
9 8
11 8
9 8
6 7
8 10
7 10
7 1
19 96
7 2
4 18
10 8
11 12
17 6
10 16
9 12
18 6
15 14
1 5
13 8
11 15
11 15
12 6
10 12
4 13
14 4
11 4
11 3
12 5
5 3
1 13
11 18
16 3
9 16
4 18
1 12
13 9
7 2
11 13
11 14
6 5
17 16
5 6
15 16
7 1
15 8
10 3
3 6
9 15
9 7
16 1
17 5
4 18
12 16
9 7
2 10
1 15
11 3
7 5
10 4
19 14
14 3
13 5
2 9
13 9
2 11
3 11
1 14
8 7
17 6
13 15
1 2
14 8
6 1
8 5
14 2
4 8
12 8
6 17
2 14
15 9
16 17
19 14
8 4
17 3
10 7
14 10
8 14
13 9
3 15
19 1
18 4
9 7
10 6
5 1
17 13
14 11
9 5
19 13
18 19
5 12
6 10
19 1
3 5
19 14
6 51
6 4
4 1
1 6
2 1
2 6
6 3
1 6
6 3
5 2
2 3
2 3
5 3
2 3
3 5
1 6
1 2
6 1
6 5
5 4
4 1
2 4
4 6
3 4
6 5
5 2
3 5
3 6
6 3
5 6
3 4
2 1
3 6
5 4
3 6
4 6
1 2
2 4
1 4
1 2
6 3
2 6
2 1
1 5
4 3
1 2
2 1
2 1
3 5
1 5
2 3
5 3
