5 6
3 4 1 2 8 6
6 1 8 2 7 4
5 9 3 9 9 5
8 4 1 3 2 6
3 7 2 8 6 4
5 6
3 4 1 2 8 6
6 1 8 2 7 4
5 9 3 9 9 5
8 4 1 3 2 6
3 7 2 1 2 3
2 2
9 10 9 10
6 2
-447 -242
-23 -409
60 -169
362 -136
413 -443
-165 20
8 1
40
-357
-459
-71
-43
48
-18
-104
3 22
140 -247 -169 -156 -281 -460 254 -164 441 433 393 -374 -437 -471 -391 -222 237 225 392 381 242 47
95 333 -312 -101 -50 -364 -217 -428 -272 -224 177 412 120 396 -196 -125 -268 -255 160 -22 224 224
7 333 -498 97 410 -254 -22 -496 -355 -426 -311 185 325 140 321 -40 -436 -98 236 241 -186 209
5 6
1 1 1 1 1 1
2 2 2 2 2 2
3 3 3 3 3 3
4 4 4 4 4 4
5 5 5 5 5 5
4 3
2 1 1
2 1 2
1 2 2
1 2 2
4 4
3 3 3 3
3 3 3 3
3 3 3 1
1 1 1 1
4 4
3 3 3 1
3 3 3 3
3 3 3 1
1 1 1 1
4 4
3 3 
3 1 3 3 3 
3 3 3 3 1 1 
1 1 1
4 6
1 1 1 3 3 1
3 3 3 1 3 1
1 1 1 1 1 3
3 3 3 3 1 1
4 
2 
9 1 
9 9 
0 9 
0 9 
1 1 
1 
1 2 
1 1 
10 1 
-1 
-2 
-3 
-4 
-5 
-6 
-7 
-8 
-9 
0 
2 10 
0 9 0 0 0 9 0 0 9 0 
9 0 9 0 0 0 9 0 0 0 
10 13 
0 9 9 9 9 9 9 9 9 0 9 0 0 
9 0 9 0 9 9 9 0 9 9 9 0 9 
9 9 0 9 9 9 0 9 0 9 0 9 9 
9 9 9 0 0 9 9 9 9 0 9 9 9 
9 9 9 9 9 0 9 9 9 9 9 9 9 
9 9 9 9 9 9 0 9 9 9 9 9 9 
9 9 9 9 9 9 9 0 9 9 9 9 9 
9 9 9 9 9 9 9 9 0 9 9 9 9 
9 9 9 9 9 9 9 9 9 0 9 9 9 
9 9 9 9 9 9 9 9 9 9 0 9 0 
10 10 
9 9 9 9 9 9 9 9 9 9 
9 9 9 9 2 2 1 1 1 1 
9 9 9 2 9 9 9 9 9 9 
1 1 1 1 9 9 9 9 9 9 
9 9 9 9 1 1 1 1 1 1 
9 9 9 9 9 9 9 9 9 9 
9 9 9 9 9 9 9 9 100 9 
9 9 9 9 9 9 9 9 9 -100 
9 9 9 9 9 9 9 9 9 9 
0 9 9 9 9 9 9 9 9 9 
5 6 
3 4 1 2 8 6 
6 1 8 2 7 4 
5 9 3 9 9 5 
8 4 1 3 2 6 
3 7 2 8 6 4 

5 6 
3 4 1 2 8 6 
6 1 8 2 7 4 
5 9 3 9 9 5 
8 4 1 3 2 6 
3 7 2 1 2 3 

2 2 
9 10 
9 10 

5 4 
9 1 9 9 
1 9 9 9 
9 9 9 9 
1 1 1 1 
9 9 1 9 

5 6 
-3 -4 -1 -2 -8 -6 
-6 -1 -8 -2 -7 -4 -5 -9 -3 -9 -9 -5 
-8 -4 -1 -3 -2 -6 -3 -7 -2 -8 -6 -4 

4 7 
1 2 -3 4 -2 1 5 
-1 3 5 -2 6 -3 4 
2 1 3 -2 -1 3 1 
3 -3 4 2 -3 4 3 

5 6 
1 1 1 1 1 1 
2 2 2 2 2 2 
3 3 3 3 3 3 
4 4 4 4 4 4 
5 5 5 5 5 5 

3 4 
1 2 3 4 
1 2 3 4 
1 2 3 4 

5 5 
1 5 10 6 3 
5 1 8 4 11 
10 12 5 2 9 
7 3 20 5 8 
4 1 5 12 6 

5 10 
11 53 34 73 18 53 99 52 31 54 
4 72 24 6 46 17 63 82 89 25 
67 22 10 97 99 64 33 45 81 76 
24 71 46 62 18 11 54 40 17 51 
99 8 57 76 7 51 90 92 51 21 

5 10 
11 53 1 73 18 53 99 52 31 54 
4 72 54 6 46 17 63 82 89 25 
67 22 80 97 99 64 33 45 81 76 
24 71 46 62 18 11 54 40 17 51 
99 8 57 76 7 51 90 92 51 21 

5 6 
-3 -4 -1 -2 -8 -6 
-6 -1 -8 -2 -7 -4 -5 -9 -3 -9 -9 -5 
-8 -4 -1 -3 -2 -6 -3 -7 -2 -8 -6 -4 

10 100 
1 1 1 1 1 1 1 1 1 1 1 1 1 1 1 1 1 1 1 1 1 1 1 1 1 1 1 1 1 1 1 1 1 1 1 1 
1 1 1 1 1 1 1 1 1 1 1 1 1 1 1 1 1 1 1 1 1 1 1 1 1 1 1 1 1 1 1 1 1 1 1 1 
1 1 1 1 1 1 1 1 1 1 1 1 1 1 1 1 1 1 1 1 1 1 1 1 1 1 1 1 1 1 1 1 1 1 1 1 
1 1 1 1 1 1 1 1 1 1 1 1 1 1 1 1 1 1 1 1 1 1 1 1 1 1 1 1 1 1 1 1 1 1 1 1 
1 1 1 1 1 1 
1 1 1 1 1 1 1 1 1 1 1 1 1 1 1 1 1 1 1 1 1 1 1 1 1 1 1 1 1 1 1 1 1 1 1 1 
1 1 1 1 1 1 1 1 1 1 1 1 1 1 1 1 1 1 1 1 1 1 1 1 1 1 1 1 1 1 1 1 1 1 1 1 
1 1 1 1 1 1 1 1 1 1 1 1 1 1 1 1 1 1 1 1 1 1 1 1 1 1 1 1 1 1 1 1 1 1 1 1 
1 1 1 1 1 1 1 1 1 1 1 1 1 1 1 1 1 1 1 1 1 1 1 1 1 1 1 1 1 1 1 1 1 1 1 1 
1 1 1 1 1 1 
1 1 1 1 1 1 1 1 1 1 1 1 1 1 1 1 1 1 1 1 1 1 1 1 1 1 1 1 1 1 1 1 1 1 1 1 
1 1 1 1 1 1 1 1 1 1 1 1 1 1 1 1 1 1 1 1 1 1 1 1 1 1 1 1 1 1 1 1 1 1 1 1 
1 1 1 1 1 1 1 1 1 1 1 1 1 1 1 1 1 1 1 1 1 1 1 1 1 1 1 1 1 1 1 1 1 1 1 1 
1 1 1 1 1 1 1 1 1 1 1 1 1 1 1 1 1 1 1 1 1 1 1 1 1 1 1 1 1 1 1 1 1 1 1 1 
1 1 1 1 1 1 
1 1 1 1 1 1 1 1 1 1 1 1 1 1 1 1 1 1 1 1 1 1 1 1 1 1 1 1 1 1 1 1 1 1 1 1 
1 1 1 1 1 1 1 1 1 1 1 1 1 1 1 1 1 1 1 1 1 1 1 1 1 1 1 1 1 1 1 1 1 1 1 1 
1 1 1 1 1 1 1 1 1 1 1 1 1 1 1 1 1 1 1 1 1 1 1 1 1 1 1 1 1 1 1 1 1 1 1 1 
1 1 1 1 1 1 1 1 1 1 1 1 1 1 1 1 1 1 1 1 1 1 1 1 1 1 1 1 1 1 1 1 1 1 1 1 
1 1 1 1 1 1 
1 1 1 1 1 1 1 1 1 1 1 1 1 1 1 1 1 1 1 1 1 1 1 1 1 1 1 1 1 1 1 1 1 1 1 1 
1 1 1 1 1 1 1 1 1 1 1 1 1 1 1 1 1 1 1 1 1 1 1 1 1 1 1 1 1 1 1 1 1 1 1 1 
1 1 1 1 1 1 1 1 1 1 1 1 1 1 1 1 1 1 1 1 1 1 1 1 1 1 1 1 1 1 1 1 1 1 1 1 
1 1 1 1 1 1 1 1 1 1 1 1 1 1 1 1 1 1 1 1 1 1 1 1 1 1 1 1 1 1 1 1 1 1 1 1 
1 1 1 1 1 1 
1 1 1 1 1 1 1 1 1 1 1 1 1 1 1 1 1 1 1 1 1 1 1 1 1 1 1 1 1 1 1 1 1 1 1 1 
1 1 1 1 1 1 1 1 1 1 1 1 1 1 1 1 1 1 1 1 1 1 1 1 1 1 1 1 1 1 1 1 1 1 1 1 
1 1 1 1 1 1 1 1 1 1 1 1 1 1 1 1 1 1 1 1 1 1 1 1 1 1 1 1 1 1 1 1 1 1 1 1 
1 1 1 1 1 1 1 1 1 1 1 1 1 1 1 1 1 1 1 1 1 1 1 1 1 1 1 1 1 1 1 1 1 1 1 1 
1 1 1 1 1 1 
1 1 1 1 1 1 1 1 1 1 1 1 1 1 1 1 1 1 1 1 1 1 1 1 1 1 1 1 1 1 1 1 1 1 1 1 
1 1 1 1 1 1 1 1 1 1 1 1 1 1 1 1 1 1 1 1 1 1 1 1 1 1 1 1 1 1 1 1 1 1 1 1 
1 1 1 1 1 1 1 1 1 1 1 1 1 1 1 1 1 1 1 1 1 1 1 1 1 1 1 1 

6 8 
9 1 9 9 1 1 1 1 
1 9 9 1 9 9 9 9 
9 9 1 9 9 1 1 1 
1 1 9 9 1 9 9 9 
9 9 9 1 9 9 9 9 
9 9 1 9 9 9 9 9 
