1 2 3 4 4 5
16
1 2 1 5 4 5
11
1 1
19
1 2
-856
3
-459
3 1 3 1 1 1 2 3 3 3 3 1 1 1 1 1 3 2 2 2 3 1
-6027
1 1 1 1 1 1
6
3 2 1
3
4 4 4 3
4
4 4 4 1
4
4 4 4 1
4
1 1 1 2 3 2
6
4 1
1
1
1
1 1
2
9
-9
1 2 1 1 1 2 1 1 2 1
0
1 2 3 4 4 5 6 7 8 9 10 1 1
0
4 4 4 4 5 5 6 7 8 8
-67
1 2 3 4 4 5
16
1 2 1 5 4 5
11
1 1
19
2 1 5 4
4
4 3 2 3 3 4
-49
1 4 1 2 1 2 3
-11
1 1 1 1 1 1
6
1 1 1 1
10
1 2 3 2 1
14
2 3 3 2 1 2 3 4 4 5
188
1 5 1 2 1 2 3 4 4 5
172
4 3 2 3 3 4
-49
1 1 1 1 1 1 1 1 1 1 1 1 1 1 1 1 1 1 1 1 1 1 1 1 1 1 1 1 1 1 1 1 1 1 1 1 1 1 1 1 1 1 1 1 1 1 1 1 1 1 1 1 1 1 1 1 1 1 1 1 1 1 1 1 1 1 1 1 1 1 1 1 1 1 1 1 1 1 1 1 1 1 1 1 1 1 1 1 1 1 1 1 1 1 1 1 1 1 1 1
100
2 1 6 5 4 3 3 3
8
