1 2 3 5 4 6

Round trip does not exist.

1

1 2

1 4 5 2 3

1 4 37 17 33 6 10 12 14 15 13 9 34 3 8 11 5 2 7 20 22 47 35 21 60 63 44 57 18 43 19 26 25 16 51 48 54 31 30 29 28 27 56 38 23 67 61 74 71 32 41 42 39 53 46 50 62 40 36 72 73 69 78 58 68 79 45 76 24 64 49 77 52 59 75 55 66 65 80 70

35 24 3 18 5 16 10 1 25 14 15 4 2 6 21 45 12 34 33 11 42 44 9 26 29 28 46 47 13 19 8 7 17 53 27 43 84 62 31 48 20 38 41 23 30 22 36 64 32 54 39 37 56 87 63 52 78 71 79 90 77 40 59 61 55 57 96 65 74 72 73 68 50 49 76 102 107 99 101 51 58 70 66 81 83 86 75 106 127 97 144 111 98 85 80 67 60 116 88 126 103 100 125 92 112 82 89 117 113 91 94 69 114 95 115 110 122 186 136 131 108 93 120 104 119 132 118 143 129 123 130 152 105 170 133 109 137 149 163 138 155 134 135 142 128 121 147 140 145 157 148 141 151 158 159 185 139 167 153 146 156 198 173 207 124 184 160 191 164 150 154 208 182 195 162 176 171 168 165 180 161 183 166 193 194 175 196 188 174 169 187 197 177 178 189 192 199 205 190 212 213 200 209 215 206 225 242 232 210 231 201 203 202 179 222 220 172 221 204 214 226 217 245 224 219 181 211 246 216 244 275 218 229 240 230 228 234 235 236 251 223 260 247 249 288 287 237 261 266 248 238 239 263 255 241 243 257 264 259 293 272 285 274 256 267 294 269 252 250 253 254 273 262 270 227 233 276 286 281 271 265 268 279 296 289 282 290 297 291 283 280 298 284 277 278 295 292 258

