1 2 1
2 3 2
3 1 6
1 2 5
2 3 3
3 1 4
0 0
1 2 1
2 3 2
1 3 3
2 4 4
0 0
1 1 1
0 0
1 1 1
1 1 2
0 0
1 2 1
2 3 2
1 3 3
2 4 4
2 4 5
0 0
2 19 62
2 25 46
13 7 3
9 9 19
25 1 5
13 29 34
13 22 57
12 18 16
13 8 35
24 25 78
4 18 24
17 18 76
4 11 64
27 28 68
17 19 29
17 11 42
9 2 56
1 3 73
19 21 30
1 10 2
20 18 4
11 10 39
27 29 9
15 6 14
18 14 25
14 9 26
17 26 45
9 11 27
21 6 52
3 25 23
5 14 17
26 27 79
15 23 15
2 2 50
5 24 33
7 26 71
20 14 37
2 25 38
20 21 77
27 5 61
6 24 6
25 28 58
11 20 49
26 30 32
15 10 55
29 11 65
21 26 31
8 27 21
13 15 75
18 26 36
2 18 1
27 3 67
7 12 51
26 14 54
9 7 43
11 10 66
23 27 13
24 5 63
13 6 59
6 22 10
19 18 40
5 7 74
28 25 11
10 4 7
2 30 70
27 24 60
16 24 22
30 17 41
10 25 53
16 4 20
11 17 28
26 3 72
14 7 48
29 30 80
22 6 12
5 13 44
24 1 69
22 7 18
24 13 47
28 7 8
0 0
1 14 57
7 9 260
7 22 13
13 8 241
3 9 42
14 4 6
20 13 212
10 6 221
5 11 92
13 18 158
18 9 277
14 15 2
2 8 89
10 18 14
11 4 29
17 21 297
15 13 40
22 4 196
9 16 16
24 16 168
4 6 21
11 21 189
22 22 227
4 7 294
10 12 68
23 5 210
7 3 148
3 23 177
2 20 87
21 17 30
8 5 239
18 13 126
16 20 10
22 13 49
16 13 190
17 17 291
3 12 222
2 24 38
24 1 258
14 17 91
2 1 96
11 7 125
4 14 43
4 11 226
6 23 143
3 11 46
16 2 17
21 19 211
17 17 201
10 22 50
23 22 51
19 17 52
18 1 242
14 3 11
20 20 56
24 22 111
23 8 180
4 8 26
15 17 59
21 12 54
17 12 61
17 24 286
22 7 141
9 6 252
12 16 53
21 7 100
16 11 273
21 11 86
13 20 255
22 24 70
13 5 285
21 9 271
6 12 73
17 15 266
8 2 139
22 17 283
3 13 77
4 21 137
9 7 79
16 2 80
9 4 175
11 11 28
19 16 78
20 19 1
17 6 236
18 18 36
2 8 62
8 13 243
11 13 296
18 2 65
10 23 60
14 3 179
23 18 232
14 12 94
22 23 298
16 6 235
7 15 97
10 23 116
9 2 247
8 23 240
17 5 23
4 14 214
10 8 193
16 17 104
8 12 238
3 21 178
15 18 64
18 22 151
14 5 147
13 7 160
24 21 75
23 15 161
5 3 132
13 16 85
11 19 115
18 19 207
11 24 192
5 23 118
2 22 188
20 3 244
5 16 121
16 9 234
8 22 185
8 17 203
10 16 153
22 23 58
13 11 274
15 24 144
16 6 3
17 24 20
21 9 5
12 12 69
4 10 109
14 3 157
10 14 135
15 11 83
3 6 282
17 23 229
21 2 7
14 24 140
2 6 250
9 10 93
7 8 191
2 16 128
9 3 90
18 13 76
6 6 172
14 12 27
21 6 149
20 6 45
8 5 272
21 15 150
16 12 205
17 24 113
4 8 155
15 1 225
14 8 134
13 20 195
10 19 25
3 16 119
14 5 112
21 12 8
18 6 163
12 2 131
20 13 12
10 14 166
10 2 142
20 2 216
7 3 47
20 3 170
18 19 123
20 6 268
13 17 184
11 4 209
1 6 107
12 11 256
9 8 278
23 10 146
16 23 24
21 6 18
10 3 133
7 12 136
14 15 183
9 24 292
7 12 267
8 24 117
19 13 34
6 19 129
12 1 208
1 7 127
7 13 223
10 2 67
22 4 200
12 24 199
9 10 228
14 2 82
23 12 197
7 2 31
18 2 173
14 24 169
9 4 269
10 3 275
4 17 261
10 14 204
2 21 246
22 20 101
18 17 15
14 19 33
15 21 32
22 12 19
8 10 230
19 11 95
20 22 213
2 17 63
9 11 215
20 5 263
6 11 279
17 10 218
5 9 44
12 6 220
5 17 231
21 18 22
22 18 233
24 15 66
1 18 130
8 4 84
13 6 289
13 10 259
1 17 152
13 19 162
22 22 280
24 1 106
6 6 72
2 5 41
12 19 39
13 22 98
13 10 88
20 17 105
13 24 257
14 8 202
15 17 4
20 1 99
12 24 187
9 17 120
6 24 245
8 5 9
1 23 35
11 12 114
2 14 249
9 15 206
13 17 251
18 6 102
2 6 253
16 14 287
21 1 154
8 16 165
14 24 145
5 2 198
20 19 37
14 14 288
7 17 48
11 23 262
12 20 182
19 19 181
20 9 265
6 18 74
6 16 254
15 15 81
18 23 284
8 15 164
21 24 171
9 19 219
6 9 224
16 4 237
16 2 167
24 18 276
23 22 270
5 23 156
24 11 217
8 9 295
21 17 281
13 24 264
18 4 138
18 21 103
16 7 71
19 21 176
13 22 159
3 21 290
9 8 194
2 14 174
15 12 248
11 11 122
8 10 293
19 17 124
11 11 110
10 2 108
14 12 55
7 11 186
0 0
0 0
